calibration_date: '2025-03-02 12:37:57'
calibration_error: 14.924081053940982
chessboard_size: !!python/tuple [8, 6]
disparity_to_depth_mapping:
- [1.0, 0.0, 0.0, -6215.689113616943]
- [0.0, 1.0, 0.0, -1295.1428604125977]
- [0.0, 0.0, 0.0, 960.5951940692499]
- [0.0, 0.0, 3.7434033774582964, -0.0]
essential_matrix:
- [-0.000671692754663609, 0.23005014995572962, 0.025848884006948604]
- [-0.2577225890752835, 0.0038303292435512798, 0.06700364398873207]
- [-0.022975987947688407, -0.13266700392728303, -0.008871391033346873]
fundamental_matrix:
- [2.457218477036662e-08, -1.006636635121641e-05, 0.003310398736650588]
- [1.1307079605159982e-05, -2.0100699587846722e-07, -0.012997258204450952]
- [-0.003777278843452726, 0.010142911298463102, 1.0]
image_size: [1280, 800]
left_camera_matrix:
- [1640.3797267738244, 0.0, 731.6250901437328]
- [0.0, 1371.4099329357903, 484.73757521936244]
- [0.0, 0.0, 1.0]
left_camera_name: left_camera
left_distortion_coefficients:
- [0.044272269373026585, -0.35124256279764493, 0.009198346318512914, 0.014777305623179637,
  3.796707423229047]
left_projection_matrix:
- [960.5951940692499, 0.0, 6215.689113616943, 0.0]
- [0.0, 960.5951940692499, 1295.1428604125977, 0.0]
- [0.0, 0.0, 1.0, 0.0]
left_rectification_matrix:
- [0.24866670175543573, -0.10743495812634281, 0.9626123836781159]
- [0.09548244872331361, 0.9917077309019904, 0.08601673357565517]
- [-0.9638713469254456, 0.07052309013093813, 0.25686284342915505]
left_roi: !!python/tuple [0, 0, 0, 0]
num_image_pairs: 20
right_camera_matrix:
- [659.3471784645703, 0.0, 619.7444345299099]
- [0.0, 549.7804552027096, 381.7293284144474]
- [0.0, 0.0, 1.0]
right_camera_name: right_camera
right_distortion_coefficients:
- [-0.008050487764196358, 0.01677982390183358, 0.0005636191971614846, -0.00015932892421145382,
  0.023405173055583005]
right_projection_matrix:
- [960.5951940692499, 0.0, 6215.689113616943, -256.61012111429915]
- [0.0, 960.5951940692499, 1295.1428604125977, 0.0]
- [0.0, 0.0, 1.0, 0.0]
right_rectification_matrix:
- [0.4990150237086424, -0.07824189265957893, 0.8630540031458691]
- [0.08801074767445827, 0.9953421047912847, 0.03934720731434273]
- [-0.8621125880108965, 0.056323180509466574, 0.5035767914930673]
right_roi: !!python/tuple [0, 0, 0, 0]
rotation_matrix:
- [0.9634575231814104, -0.027129563052638143, 0.26648374778532946]
- [0.021293248235343985, 0.999466459410914, 0.02476679414457443]
- [-0.26701348019291116, -0.018187449551397727, 0.9635211560075291]
square_size: 0.025
translation_vector:
- [-0.13330517002617673]
- [0.02090127212331143]
- [-0.23055330033170707]
