image_width: 640
image_height: 480
camera_name: narrow_stereo/right
camera_matrix:
  rows: 3
  cols: 3
  data: [ 576.40844,    0.     ,  351.58487,
            0.     ,  770.1074 ,  237.80352,
            0.     ,    0.     ,    1.     ]
distortion_model: plumb_bob
distortion_coefficients:
  rows: 1
  cols: 5
  data: [-0.006313, 0.089490, -0.003673, 0.009876, 0.000000]
rectification_matrix:
  rows: 3
  cols: 3
  data: [ 0.99988264,  0.00763533,  0.01328158,
         -0.00772992,  0.99994503,  0.00708461,
         -0.01322676, -0.00718644,  0.9998867 ]
projection_matrix:
  rows: 3
  cols: 4
  data: [ 794.93519,    0.     ,  328.727  ,  -49.37901,
            0.     ,  794.93519,  230.75678,    0.     ,
            0.     ,    0.     ,    1.     ,    0.     ]
